2
1
37
1
1
2
1
37
5
1
9
2
4
1
1
2
2
6
61
1
8
1
2
1
1
5
2
1
2
1
1
1
1
71
5
1
1
1
389
311
47439347
17632579
227
191693
52069
454859
1
24130643
126487
1
2
1
186761
1733231
72869
154356373
78017
106163
1
1
17
1
11483707
1
663851401
1
1
983233
3933233
20292731
1727773
145333961
2
45433
1
1
96997
62914997
5
16369
236107
190577
2424853
102031
1
8
949673
1553821
186649
2
63929
965201
1866649
8642329
179953
1159073
13
1...


100
14 7
6 22
37 3
1 1
9 70
22 20
17 25
37 14
25 21
16 48
69405561 22020729
44782864 33793854
69422224 29079822
219780625 797829355
355775044 545531545
1024144 579544
26234884 25587073
245423556 57532595
151831684 8778982
13860729 37119022
120 16
2 137831502
40320 25211
3628800 888987010
40320 575207354
362880 80493
3628800 2211116
5040 569328197
5040 3282
5040 889089200
173321231 792345559
10457219 27172325
5907845 331602581
10082 3919
22025 12714
541757 893508913
1935...